13838
57969
6614
40406
56977
9437
13625
41123
19039
64874
13695
64560
17842
4618
31214
14885
29861
7624
49670
14014
48418
7481
35131
30141
16387
31718
53558
37883
54491
46747
52481
43828
17673
9135
45417
8559
51079
25625
52671
36239
55671
54991
22300
459
53687
12843
11018
15773
43335
51652
40166
40252
36482
22264
14556
56707
48027
17684
20454
19632
22032
57201
22594
8339
20977
18137
57483
53701
42094
62840
59768
22658
61223
19435
45857
4957
5872
45599
62261
15970
1672
9104
49350
52749
5838
38656
28704
41780
29862
33453
6576
55888
35260
21765
12871
59448
37576
22815
32936
4945
26429
34085
40049
65081
8232
37418
60623
26924
27850
63998
37156
65379
29617
57657
54818
49434
47516
55332
59133
55514
1782
42976
51531
10489
3501
54061
4607
9576
30940
30622
63499
19934
42508
18006
7750
51082
27863
26524
8454
26065
57852
43861
53015
62552
42967
36839
45838
4326
4230
59911
